0.9789742,2,2.635628,0,0.9782777,2,4.187403,0.18034,0,-0.7144556,4.187403,0,
0.9785173,2,5.256734,0,0.9787269,2,2,2.88562,0,2,5.256734,0,
0.9452004,2,2,0,0.9457843,1.41522,1.046069,5.18028,0,1.41522,1.046069,0,
0.9681602,2,2,0,0.9769098,4.013084,2,10.23896,0,2,2,0,
0.9788281,2,2.635628,0,0.9737101,-0.7144556,4.187403,6.87078,0,2,-0.1752105,0,
0.9654291,2,2,0,0.9648362,-1.109197,2,12.5146,0,-1.109197,-1.413402,0,
0.5703675,2,2,0,0.960616,2,2,14.7239,0,4.72155,2,0,
0.9713898,2,5.256734,0,0.03973371,2,-0.1752105,2.2819,0,2,8.131327,0,
0.9554222,2,2,0,0.9755653,2,4.187403,12.53804,0,2,-1.045363,0,
0.9390633,2,2,0,0.9802426,-1.109197,2,2.87796,0,-0.06112766,2,0,
0.4742684,2,2,0,0.9798461,2,5.256734,12.90342,0,0.6437478,2,0,
0.9710382,-0.7037048,2,0,0.8001733,4.933165,2,0.33468,0,-0.7037048,2,0,
0.3411961,2,2.635628,0,0.9711867,-0.7144556,4.187403,11.46926,0,2,2.635628,0,
0.1670275,2,2,0,0.9760019,2,4.187403,2.90472,0,2,2,0,
0.9738507,2,2,0,0.9721261,-1.109197,2,0,0,2.160279,2,0,
0.6455746,2,2,0,0.9792324,0.6437478,2,6.219699,0,2,5.118503,0,
0.9794043,2,2.635628,0,0.9751542,2,4.187403,1.6936,0,-0.7144556,4.187403,0,
0.97807,-0.7037048,2,0,0.9663872,-1.109197,2,0.4724,0,-2.10839,2,0,
0.9678719,2,2.635628,0,0.9724613,2,4.187403,1.5642,0,2,3.410194,0,
0.9796704,2,2.635628,0,0.9789099,2,4.187403,3.0414,0,2,2.635628,0,
0.9546695,2,2.635628,0,0.9784254,2,2.635628,2.295,0,4.856533,2.635628,0,
0.9772035,2,2.635628,0,0.265421,2,4.187403,3.5178,0,1.353421,2.635628,0,
0.9644772,2,2.635628,0,0.3479497,2,4.187403,3.3796,0,2,2.635628,0,
0.9613742,2,2.635628,0,0.9588299,2,4.187403,2.8188,0,2,4.187403,0,
0.9757221,2,2.635628,0,0.9578702,2,4.187403,3.1806,0,-0.1633339,3.139212,0,
0.9765776,2,2.635628,0,0.9693612,-0.1633339,3.139212,0.255,0,0.5529329,3.139212,0,
0.9724457,-0.7037048,2,0,0.9800434,2,2,58.16599,0,-0.1827688,2,0,
0.3097129,2,2,0,0.972901,4.013084,2,62.67959,0,4.013084,2,0,
0.8303424,2,2.635628,0,0.7114648,0.5529329,3.139212,2.0722,0,1.874845,3.139212,0,
0.1300453,2,2.635628,0,0.9761419,2,4.187403,2.9268,0,4.717278,3.398159,0,
0.08906531,-0.7037048,2,0,0.9678151,2,2,34.255,0,-0.7037048,5.352715,0,
0.9794457,-0.7037048,2,0,0.9800318,2,4.187403,44.89898,0,2,3.313179,0,
0.01919514,2,2.635628,0,0.978065,2,4.187403,8.0878,0,2,3.698752,0,
0.9750908,2,2.635628,0,0.3219774,2,4.187403,3.3394,0,2,4.187403,0,
0.9773883,2,2,0,0.979133,2,2,38.0196,0,2.075396,2,0,
0.9791765,2,2,0,0.9777102,4.013084,2,49.647,0,2,0.5295337,0,
0.9665423,2,2.635628,0,0.9731137,2,4.187403,21.9856,0,1.448747,4.36827,0,
0.9810672,2,2.635628,0,0.3414726,2,4.187403,2.5056,0,2,2.635628,0,
0.9733572,-0.7037048,2,0,0.3778617,2,2,33.64901,0,-0.7037048,2,0,
0.9717607,2,2.635628,0,0.9469332,2,4.187403,2.7398,0,2,1.74526,0,
0.977569,2,2.635628,0,0.9743789,2,4.187403,3.9558,0,4.137077,-0.5988736,0,
0.9637388,-1.109197,2,0,0.9742211,2,2,28.608,0,2,2,0,
0.9790169,2,2.635628,0,0.286905,2,4.187403,3.19,0,2,4.187403,0,
0.9779912,2,2.635628,0,0.9722708,4.013084,2,50.925,0,2,2.635628,0,
0.9730747,2,2,0,0.9769748,2,2,98.952,0,2,2.429865,0,
0.9766181,2,2.635628,0,0.913343,2,4.187403,11.3582,0,2,2.635628,0,
0.970627,-0.7037048,2,0,0.9748774,1.41522,1.046069,92.29239,0,-3.969087,3.123429,0,
0.9757538,2,2.635628,0,0.9738202,2,4.187403,67.85459,0,2,1.050132,0,
0.9789551,2,2,0,0.247295,2,2,0.4194,0,2,5.145221,0,
0.8960636,2,2,0,0.4825633,2,4.187403,2.2644,0,2,4.187403,0,
0.9689168,-0.7037048,2,0,0.9421543,1.41522,1.046069,66.00198,0,0.7599382,1.046069,0,
0.4170769,2,5.256734,0,0.9798394,2,1.050132,142.1128,0,2,5.256734,0,
0.9781991,-0.7037048,2,0,0.9791731,0.7599382,1.046069,53.9976,0,-0.7037048,2,0,
0.9744577,2,2,0,0.9569238,2.201803,2,86.9418,0,1.78449,2,0,
0.9769909,1.41522,1.046069,0,0.9713801,0.7599382,1.046069,0.9242,0,1.588606,1.046069,0,
0.9639163,-0.7037048,2,0,0.9501087,-3.969087,3.123429,209.596,0,-3.969087,3.123429,0,
0.7817476,-0.7037048,2,0,0.968023,-3.969087,3.123429,53.5214,0,-0.7037048,2,0,
0.9755254,0.7599382,1.046069,0,0.9746686,-0.7037048,2,267.7746,0,-1.371422,1.16157,0,
0.9786764,2,2.635628,0,0.5825424,2,4.187403,2.04,0,-0.1290216,2.635628,0,
0.9779312,2,2,0,0.9818341,1.41522,1.046069,21.91801,0,0.2154632,0.837909,0,
0.9665221,2,4.187403,0,0.4590231,-0.1290216,2.635628,30.2124,0,-1.919949,2.635628,0,
0.9710215,2,2.635628,0,0.01040387,-1.109197,2,191.966,0,0.5617226,4.937506,0,
0.9769409,4.013084,2,0,0.9783742,-0.1290216,2.635628,10.4148,0,-0.1290216,2.635628,0,
0.972524,-0.1290216,2.635628,0,0.7819709,-0.1290216,2.635628,43.713,0,-0.1290216,1.892878,0,
0.9760701,2,2,0,0.9646647,2,2,0.7202,0,2,2,0,
0.9754941,2,4.187403,0,0.9759883,-1.919949,2.635628,294.1736,0,-1.919949,5.790042,0,
0.2885578,2.201803,2,0,0.9743776,-0.7037048,2,416.6982,0,2.42868,0.577044,0,
0.9756413,2,2,0,0.9777647,2,2,558.8108,0,1.997734,2,0,
0.9714471,2,2,0,0.6157005,1.41522,1.046069,183.4546,0,2,2,0,
0.4078379,2,2,0,0.972413,-0.1290216,1.892878,376.8968,0,1.841537,1.892878,0,
0.9772334,2,2,0,0.9763754,4.933165,2,707.434,0,4.933165,2,0,
0.9775027,-1.109197,2,0,0.8482607,0.5617226,4.937506,1.1454,0,-1.109197,4.598846,0,
0.9692153,2,2,0,0.9650322,2,2,3.5214,0,2,-0.6588302,0,
0.9761564,2,2,0,0.9772124,2,2.635628,223.6326,0,-0.201005,2,0,
0.476081,2,2,0,0.9769984,2,2.635628,1.8042,0,2,2.635628,0,
0.9727709,-1.109197,2,0,0.9759174,0.5617226,4.937506,223.6756,0,-1.109197,4.547783,0,
0.101608,2,2,0,0.9631406,2,2,184.5216,0,2,2.770076,0,
0.8161554,2,2,0,0.9696335,4.013084,2,800.0818,0,4.704142,-0.01007271,0,
0.958547,2,2,0,0.7365546,4.933165,2,292.5684,0,4.933165,4.791887,0,
0.9689629,-1.919949,5.790042,0,0.8324254,-1.919949,2.635628,11.3904,0,0.04505122,3.974644,0,
0.9722021,2,2.635628,0,0.9543594,4.704142,-0.01007271,46.7082,0,2,-0.3626337,0,
0.968308,2,2,0,0.9757895,2.42868,0.577044,184.21,0,2,0.577044,0,
0.8354976,0.04505122,3.974644,0,0.9797484,-1.919949,2.635628,61.94801,0,-1.919949,2.635628,0,
0.968365,4.933165,2,0,0.08795643,4.933165,2,118.8918,0,4.933165,2,0,
0.9710485,1.997734,2,0,0.9757995,2,2,459.3354,0,1.997734,4.434455,0,
0.6316263,-1.109197,4.547783,0,0.9729546,0.5617226,4.937506,39.7394,0,0.5617226,4.162273,0,
0.9670152,2,2,0,0.9695504,2,2,3.823,0,2,2,0,
0.836458,2,2.635628,0,0.950354,4.013084,2,163.835,0,3.31036,5.11388,0,
0.9759204,2.201803,2,0,0.9650784,-0.7037048,2,624.2432,0,-0.6636581,0.7819653,0,
0.9408821,-1.919949,5.790042,0,0.9231322,0.2154632,0.837909,1467.492,0,0.2154632,1.378694,0,
0.5213984,4.933165,2,0,0.6860838,4.933165,2,168.9102,0,5.85429,0.9481949,0,
0.9785016,2,4.187403,0,0.9791124,-0.1290216,1.892878,83.0592,0,0.5103101,0.8901669,0,
0.9510354,2,2,0,0.2018697,2,-0.6588302,6.556,0,2,2,0,
0.9726913,-1.919949,2.635628,0,0.9717412,1.841537,1.892878,37.9914,0,0.3529061,1.892878,0,
0.7692426,-1.109197,2,0,0.9637614,-1.109197,4.598846,362.901,0,-1.109197,4.598846,0,
0.3692074,3.31036,5.11388,0,0.9758076,4.013084,2,248.49,0,4.488376,5.11388,0,
0.9690728,-0.201005,2,0,0.9544397,-1.109197,4.598846,0,0,2.835836,3.116484,0,
0.9551246,-1.109197,4.598846,0,0.9798939,2,2,388.5646,0,-1.109197,4.598846,0,
0.943691,-1.109197,4.547783,0,0.9759456,2,2.635628,480.6054,0,2,4.547783,0,
0.9773455,2,2,0,0.9770043,0.5617226,4.937506,469.6962,0,1.263772,4.937506,0,
0.9750523,0.04505122,3.974644,0,0.9722741,-1.919949,5.790042,249.315,0,-1.919949,5.790042,0,
0.9775686,2,2,0,0.4598805,-0.7037048,2,3.7932,0,5.32054,2,0,
0.9785674,2,2,0,0.8948588,2,2,1.9018,0,2,2,0,
0.9769434,-1.109197,2,0,0.81468,-0.201005,2,0,0,-1.109197,2,0,
0.9757863,3.31036,5.11388,0,0.497503,4.488376,5.11388,0,0,3.31036,5.11388,0,
0.9113761,-1.919949,2.635628,0,0.5149943,-0.1290216,2.635628,981.9039,0,-0.1290216,2.635628,0,
0.972792,-0.6636581,0.7819653,0,0.9757382,2,2,24.0168,0,2,2,0,
0.9722183,1.263772,4.937506,0,0.9762132,4.933165,2,672.1092,0,-0.9756842,2,0,
0.9272964,0.04505122,3.974644,0,0.9785567,2,2,13.1976,0,0.7744967,2,0,
0.9749873,4.013084,2,0,0.9735643,-0.201005,2,2.0898,0,4.013084,2,0,
0.9722023,-0.9756842,2,0,0.9692227,4.933165,2,112.9022,0,4.933165,2,0,
0.7347686,0.04505122,3.974644,0,0.9734805,0.7744967,2,173.8296,0,-0.805066,3.974644,0,
0.9753921,-1.109197,4.547783,0,0.9724125,2,2.635628,1.0578,0,2,4.547783,0,
0.649235,2,2,0,0.7938864,-1.109197,4.598846,337.1512,0,2,2,0,
0.9729972,5.32054,2,0,0.9736882,4.933165,4.791887,991.4999,0,4.933165,2,0,
0.9781011,2,2,0,0.9737152,0.5617226,4.937506,562.4334,0,0.5617226,3.496826,0,
0.9765556,2,2,0,0.7104565,0.5617226,4.162273,0,0,0.5617226,4.162273,0,
0.9509672,-0.7037048,2,0,0.9718336,4.488376,5.11388,581.8422,0,3.524285,-1.18789,0,
0.9803044,0.7744967,2,0,0.7968745,2,2,2777.164,0,0.7744967,2,0,
0.9745016,4.013084,2,0,0.9560967,-1.919949,2.635628,1282.231,0,-1.919949,2,0,
0.9774928,-0.1290216,2.635628,0,0.6298969,0.3529061,1.892878,3.3372,0,0.3529061,2.635628,0,
0.5790932,-1.919949,2.635628,0,0.7161164,-1.919949,5.790042,371.126,0,-1.919949,5.790042,0,
0.72013,2,4.187403,0,0.8685513,-0.1290216,1.892878,1106.906,0,2,1.892878,0,
0.9765978,5.32054,2,0,0.7341203,3.31036,5.11388,6.8922,0,5.32054,2.620295,0,
0.1274108,2,2,0,0.9724997,-0.1290216,2.635628,15.0228,0,-0.1290216,2.635628,0,
0.9336535,-1.109197,4.547783,0,0.9463735,2,2.635628,10.44,0,-1.109197,5.462416,0,
0.9593217,4.933165,4.791887,0,0.9724433,2.201803,2,374.451,0,2.201803,4.791887,0,
0.975816,4.933165,2,0,0.9778868,5.32054,2,60.98039,0,5.323679,-1.419956,0,
0.5074208,0.7744967,2,0,0.5155199,-1.109197,2,23.698,0,-1.109197,2,0,
0.5684932,-1.109197,2,0,0.5983512,3.31036,5.11388,6.064,0,3.31036,5.11388,0,
0.9745966,0.04505122,3.974644,0,0.9687662,-1.109197,2,203.0616,0,-1.109197,2,0,
0.7750937,0.5617226,3.496826,0,0.9713799,2,2,57.4904,0,-0.3818669,2,0,
0.9734285,2,2,0,0.9773174,2,2,1336.769,0,3.613588,2,0,
0.9744644,4.013084,2,0,0.968413,-1.919949,2.635628,623.805,0,4.013084,2,0,
0.9717489,0.5617226,4.937506,0,0.9729699,2,2,1480.326,0,3.256892,2,0,
0.9743928,1.263772,4.937506,0,0.9714772,1.41522,1.046069,3112.257,0,1.263772,1.046069,0,
0.9763392,-0.805066,3.974644,0,0.2499332,2,2,2.5026,0,4.547323,3.974644,0,
0.9749158,0.7744967,2,0,0.3672823,-1.109197,2,10.084,0,-1.109197,2,0,
0.957333,0.3529061,2.635628,0,0.01333016,1.841537,1.892878,1883.996,0,0.3529061,1.892878,0,
0.974325,5.32054,2,0,0.9774286,3.31036,5.11388,303.3126,0,3.31036,2.835431,0,
0.9719183,-1.919949,2,0,0.9751154,-0.1290216,2.635628,0,0,-3.496072,2.635628,0,
0.9720132,2.201803,4.791887,0,0.4982132,-1.109197,2,51.42,0,0.3953156,6.516089,0,
0.9493943,3.31036,2.835431,0,0.8308459,5.32054,2,22.185,0,5.32054,2.835431,0,
0.6737041,4.933165,2,0,0.9679784,-1.109197,2,225.75,0,1.821854,2,0,
0.9730986,2,1.892878,0,0.1553605,2,4.187403,151.8192,0,2,1.892878,0,
0.964296,1.41522,1.046069,0,0.4030536,2,4.547783,689.098,0,2,1.046069,0,
0.9774173,4.013084,2,0,0.968726,0.5617226,4.937506,334.5112,0,4.013084,4.937506,0,
0.9766233,0.7744967,2,0,0.1792397,-1.109197,2,3.9816,0,-1.109197,2,0,
0.9658206,3.31036,2.835431,0,0.9656672,5.32054,2,126.9024,0,2.492918,2,0,
0.9773746,-3.496072,2.635628,0,0.9412236,2,2,55.8894,0,-3.496072,0.2963524,0,
0.9565809,2,2.635628,0,0.9725531,4.013084,2,326.5884,0,4.279251,2.635628,0,
0.9706237,-1.109197,2,0,0.9769036,4.488376,5.11388,984.559,0,-3.189627,2,0,
0.9786851,-0.805066,3.974644,0,0.9591355,2,2,8.084999,0,-0.805066,2,0,
0.8300265,1.997734,2,0,0.9703199,4.547323,3.974644,491.989,0,2.218192,2,0,
0.9668177,-1.919949,2,0,0.9723452,-1.919949,5.790042,2358.162,0,-3.512715,5.790042,0,
0.9751359,-0.805066,2,0,0.7317629,4.704142,-0.01007271,3151.506,0,0.559381,-0.01007271,0,
0.9762985,4.013084,2,0,0.9675392,2.835836,3.116484,1240.104,0,3.3108,3.116484,0,
0.7086663,0.7744967,2,0,0.8502058,-0.805066,3.974644,183.5196,0,0.7744967,3.974644,0,
0.9753415,2,4.187403,0,0.9733828,-0.1290216,1.892878,1251.366,0,2,4.187403,0,
0.975829,2,0.577044,0,0.9770824,0.3529061,1.892878,431.5437,0,0.3529061,3.056673,0,
0.9695708,1.997734,2,0,0.9769894,4.547323,3.974644,300.613,0,4.547323,1.782579,0,
0.9714292,2,2,0,0.9642595,-0.1290216,2.635628,783.5202,0,0.01417375,-1.335409,0,
0.9726901,5.32054,2.620295,0,0.9755312,2,2,1113.861,0,5.32054,2.620295,0,
0.9626699,0.7744967,2,0,0.6336243,0.7744967,3.974644,109.725,0,0.7744967,2,0,
0.9666956,-0.1290216,2.635628,0,0.4802676,1.841537,1.892878,12.9132,0,-0.1290216,2.635628,0,
0.6809003,4.279251,2.635628,0,0.9761022,-3.496072,0.2963524,608.913,0,-3.496072,2.635628,0,
0.8014071,-1.919949,2.635628,0,0.552315,2,2,439.1151,0,2,2,0,
0.9771574,-0.805066,3.974644,0,0.3735968,-1.109197,2,8.7498,0,-2.267388,2,0,
0.9766185,-0.3818669,2,0,0.969821,0.7744967,3.974644,103.873,0,0.7744967,2,0,
0.9754649,-1.109197,4.547783,0,0.9711921,-1.919949,5.790042,1442.608,0,-1.109197,4.547783,0,
0.9619326,-1.109197,2,0,0.9629976,-0.7037048,2,1282.417,0,-0.7037048,2,0,
0.5494511,2,2,0,0.9699904,-3.496072,2.635628,378.7182,0,2,2.635628,0,
0.9698336,0.5617226,4.937506,0,0.9763255,2.42868,0.577044,1839.077,0,5.082131,8.391479,0,
0.9648363,-1.109197,2,0,0.972576,-0.1290216,2.635628,1345.271,0,-1.109197,2.635628,0,
0.1366642,-1.919949,2.635628,0,0.9667212,2,2,151.803,0,2,2,0,
0.9668158,1.263772,4.937506,0,0.9703581,2,4.547783,1068.522,0,1.263772,4.819143,0,
0.3765759,2,0.577044,0,0.9814301,0.3529061,1.892878,611.8506,0,0.3529061,1.892878,0,
0.9759963,0.7744967,2,0,0.976069,4.013084,2,98.4128,0,-0.8282382,2,0,
0.9778686,-2.267388,2,0,0.02541399,-0.805066,3.974644,212.9758,0,2.32448,3.974644,0,
0.9776277,2,2,0,0.965068,-1.919949,5.790042,307.5,0,-1.919949,5.790042,0,
0.9576295,-0.1290216,2.635628,0,0.9665029,-0.201005,2,2243.146,0,-0.201005,2.635628,0,
0.9739198,-0.1290216,2.635628,0,0.9761598,2,2,1934.906,0,-0.1290216,2.635628,0,
0.9600208,0.7744967,3.974644,0,0.3282396,4.704142,-0.01007271,507.6146,0,0.7744967,-0.01007271,0,
0.9608802,4.933165,4.791887,0,0.9523031,-1.109197,2,6.4428,0,1.363861,2,0,
0.9595007,4.013084,2,0,0.9680929,0.3529061,1.892878,2809.026,0,0.3529061,2,0,
0.9759208,-1.919949,2.635628,0,0.6710939,-0.1290216,1.892878,74.66261,0,-1.919949,-0.5289893,0,
0.964518,-1.919949,2,0,0.9741251,-3.512715,5.790042,1191.574,0,-0.5743524,5.790042,0,
0.3699674,2.218192,2,0,0.7771445,-0.1290216,2.635628,21.3668,0,-0.1290216,2,0,
0.9813263,0.3529061,1.892878,0,0.9715751,2,2,907.4332,0,2,1.892878,0,
0.7078543,0.7744967,-0.01007271,0,0.9769909,2.32448,3.974644,75.647,0,2.32448,0.8282796,0,
0.9788734,-0.805066,2,0,0.2841048,1.997734,2,6.6084,0,-0.805066,2,0,
0.3746986,-2.267388,2,0,0.9603308,-1.109197,2,1541.577,0,-2.267388,2,0,
0.9754631,2.201803,4.791887,0,0.9742047,1.821854,2,310.3692,0,2.201803,0.6968555,0,
0.9765813,2,2,0,0.9733827,2,4.547783,665.6718,0,2,4.547783,0,
0.9738355,-0.3818669,2,0,0.9741802,2,2,2334.659,0,-0.3818669,2,0,
0.9678631,-1.919949,2,0,0.9637589,-3.496072,2.635628,604.4724,0,-3.496072,2.635628,0,
0.9649988,2,2,0,0.9753219,1.841537,1.892878,827.659,0,1.23041,1.892878,0,
0.9759122,-1.919949,5.790042,0,0.1979355,2,2.635628,166.896,0,2.523471,3.637273,0,
0.9657247,-0.7037048,2,0,0.9691645,-0.7037048,2,944.5267,0,-0.7037048,1.23769,0,
0.8544769,-2.267388,2,0,0.8933407,-0.805066,3.974644,1436.802,0,-2.267388,3.974644,0,
0.1706977,-1.919949,5.790042,0,0.9703705,1.263772,4.819143,596.0541,0,1.362979,4.819143,0,
0.969371,0.7744967,2,0,0.9779531,2,4.547783,512.7015,0,2.516615,2,0,
0.9747712,2,4.187403,0,0.9682117,3.613588,2,472.6782,0,4.780943,2,0,
0.04296845,2,2,0,0.9612663,-1.919949,2.635628,2040.677,0,-4.598368,2.635628,0,
0.9623559,-0.1290216,2,0,0.97413,2.218192,2,420.0092,0,2.218192,2,0,
0.9723827,4.933165,4.791887,0,0.9533134,0.3953156,6.516089,3191.734,0,4.933165,4.696903,0,
0.2485145,0.2154632,1.378694,0,0.967737,-3.496072,0.2963524,1725.793,0,0.2154632,1.378694,0,
0.3818139,-1.109197,2,0,0.9737709,4.013084,2,773.082,0,-1.109197,1.888565,0,
0.9773805,-1.109197,2,0,0.9648264,-2.267388,3.974644,301.9694,0,-1.109197,3.974644,0,
0.3358027,1.997734,2,0,0.9608622,0.7744967,2,94.0644,0,0.7744967,-0.2455854,0,
0.9766846,2,2,0,0.9761831,-0.1290216,1.892878,456.0683,0,-0.1290216,4.574434,0,
0.9498031,0.3529061,2.635628,0,0.2349721,-1.109197,2,190.2204,0,-0.5904537,5.680663,0,
0.9717044,1.263772,4.819143,0,0.9749341,2,2,1740.828,0,0.6564265,4.819143,0,
0.9722037,1.997734,2,0,0.2655207,0.7744967,-0.2455854,7.646,0,0.7744967,-0.2455854,0,
0.8715305,-2.267388,2,0,0.9736274,-0.1290216,2.635628,2092.107,0,-2.267388,0.3824543,0,
0.9696849,2,1.892878,0,0.9738783,-1.109197,3.974644,392.2237,0,2,3.974644,0,
0.4797707,3.613588,2,0,0.9670072,2.516615,2,1124.231,0,2.516615,0.6276426,0,
0.9767883,1.821854,2,0,0.8909855,-0.8282382,2,1846.958,0,1.821854,5.317447,0,
0.9733622,0.7744967,3.974644,0,0.8753764,-1.919949,5.790042,1536.081,0,-1.919949,5.631198,0,
0.9709282,2.218192,2,0,0.1927394,4.704142,-0.01007271,2972.76,0,2.218192,-0.01007271,0,
0.9718016,-1.109197,2,0,0.3694872,0.5617226,4.937506,1790.521,0,-1.109197,2,0,
0.9744638,2,2,0,0.9561828,-0.3818669,2,949.2378,0,2,2,0,
0.9683177,2,2.635628,0,0.463437,-3.496072,2.635628,1230.645,0,2,0.09313917,0,
0.968332,-1.919949,5.790042,0,0.6886609,-3.496072,0.2963524,541.5162,0,-3.496072,6.830719,0,
0.9674391,2,4.187403,0,0.9738164,1.263772,1.046069,940.6229,0,2,1.046069,0,
0.9689821,2,2,0,0.8790712,4.780943,2,8.0444,0,2,0.2069198,0,
0.9591306,4.933165,2,0,0.9706587,-0.7037048,2,1025.284,0,-1.313038,2,0,
0.9651146,-1.109197,4.547783,0,0.9739669,2.835836,3.116484,897.6647,0,-1.109197,4.547783,0,
0.9774653,-1.919949,5.790042,0,0.7632592,2,2,217.8252,0,-1.93633,2.463977,0,
0.4348196,-3.496072,0.2963524,0,0.9547349,2.516615,2,676.7118,0,0.9735268,-0.3374276,0,
0.962849,-1.919949,5.790042,0,0.9724244,4.013084,2,1323.317,0,-1.919949,1.012756,0,
0.8963665,2.218192,-0.01007271,0,0.9746755,2.218192,2,529.2139,0,2.218192,2,0,
0.9744309,0.7744967,2,0,0.9567388,2,2,1016.864,0,2,3.795585,0,
0.9739092,2,2,0,0.9675722,-1.919949,-0.5289893,14.4732,0,-1.919949,1.878345,0,
0.9723344,-1.919949,5.790042,0,0.9622108,-1.919949,2.635628,2723.551,0,-1.919949,4.908341,0,
0.9671111,0.3529061,2,0,0.9660902,1.362979,4.819143,1833.758,0,0.3529061,5.290825,0,
0.1741139,2,2.635628,0,0.9166418,0.2154632,1.378694,1679.057,0,2,0.2932229,0,
0.9660887,2.32448,3.974644,0,0.9542312,2,2,888.165,0,2,2,0,
0.4556316,0.3529061,3.056673,0,0.97602,2,2,403.4857,0,-0.1776897,3.775266,0,
0.8079226,2.32448,0.8282796,0,0.9569231,2.218192,2,6.3432,0,2.218192,0.8282796,0,
0.8808076,2.32448,0.8282796,0,0.9399775,2.218192,2,42.35,0,2.32448,-0.5983124,0,
0.9749939,2,2,0,0.9792552,2.523471,3.637273,743.9166,0,3.390375,4.043722,0,
0.9716965,2,2.635628,0,0.956311,2,4.187403,5783.161,0,2,2.635628,0,
0.931386,-1.919949,2,0,0.7320829,-1.109197,3.974644,2489.076,0,-1.919949,0.1320285,0,
0.02864844,2,-0.3626337,0,0.9729881,-1.919949,1.878345,65.82899,0,2,1.878345,0,
0.9769755,5.32054,2.620295,0,0.96847,0.6564265,4.819143,1089.875,0,0.6564265,4.819143,0,
0.9714585,-3.496072,2.635628,0,0.9691815,2.218192,2,1395.78,0,-6.135583,2,0,
0.9783354,-1.919949,5.790042,0,0.3541014,-1.93633,2.463977,2099.758,0,-1.93633,8.893507,0,
0.9649453,-1.109197,2,0,0.9738528,1.997734,2,291.9204,0,3.728969,3.305037,0,
0.9531843,2,3.974644,0,0.1419718,0.7744967,2,3904.376,0,0.7744967,2,0,
0.1307338,-1.109197,2,0,0.9673396,-0.8282382,2,359.4486,0,-3.829669,2,0,
0.9547315,-1.109197,2,0,0.1259254,-4.598368,2.635628,3086.844,0,-4.598368,2,0,
0.001944304,4.933165,2,0,0.9724022,3.613588,2,175.2894,0,4.933165,2,0,
0.9700396,2,4.547783,0,0.942964,-3.496072,2.635628,1315.788,0,2,2.635628,0,
0.9549862,2,2,0,0.9669653,0.01417375,-1.335409,6461.082,0,0.01417375,2,0,
0.7822285,-1.919949,5.790042,0,0.9614633,-1.919949,5.631198,2685.465,0,-1.919949,5.631198,0,
0.9796063,2.32448,0.8282796,0,0.9782441,-2.267388,2,2013.549,0,-1.364796,2,0,
0.9695894,2.201803,0.6968555,0,0.971755,1.821854,2,881.705,0,-1.226101,0.6968555,0,
0.04487389,0.7744967,-0.01007271,0,0.9483082,4.547323,1.782579,8298.805,0,7.991579,1.305159,0,
0.573277,0.7744967,3.974644,0,0.1382874,-1.109197,4.547783,1899.894,0,-2.451403,5.378076,0,
0.5408882,5.32054,2.620295,0,0.9713978,2,2,1188.609,0,3.434904,2,0,
0.7724297,-0.7037048,2,0,0.9724335,-0.8282382,2,516.8382,0,1.064767,2,0,
0.9702041,2.218192,0.8282796,0,0.571589,0.559381,-0.01007271,8797.659,0,2.218192,3.013146,0,
0.6608581,4.547323,3.974644,0,0.9633643,2.218192,2,1987.684,0,2.218192,2,0,
0.1216779,-1.313038,2,0,0.9831495,-0.7037048,2,651.983,0,-0.08281076,-1.032432,0,
0.342292,-0.1290216,4.574434,0,0.981222,0.3529061,1.892878,3323.272,0,-0.1290216,4.574434,0,
0.96766,2,4.187403,0,0.005845547,-3.496072,6.830719,138.2706,0,-3.496072,6.624985,0,
0.9304404,1.064767,2,0,0.9765157,2.516615,2,901.725,0,0.7485851,-0.3638649,0,
0.9744361,3.31036,5.11388,0,0.9760095,-0.5904537,5.680663,1723.325,0,1.700268,5.11388,0,
0.9578961,2.32448,0.8282796,0,0.845782,2,2,3291.75,0,2.32448,0.8282796,0,
0.9754744,-1.109197,2,0,0.168329,-1.919949,1.878345,1451.758,0,-1.919949,0.6137313,0,
0.9730753,-0.7037048,2,0,0.9774417,4.013084,4.937506,814.6594,0,-0.7037048,2,0,
0.9751053,2,0.09313917,0,0.9781666,2.201803,0.6968555,197.576,0,1.470246,-0.07305408,0,
0.9796301,2.32448,3.974644,0,0.6661803,-2.267388,3.974644,3849.685,0,-2.267388,3.974644,0,
0.9778696,1.821854,5.317447,0,0.1923657,4.488376,5.11388,2.4934,0,1.821854,5.11388,0,
0.9718131,2,4.547783,0,0.9780076,-0.1290216,4.574434,157.3992,0,-0.2252169,1.864256,0,
0.9714469,2.516615,0.6276426,0,0.7950994,-1.919949,5.790042,15.1434,0,-0.5678749,5.790042,0,
0.9716951,-1.919949,-0.5289893,0,0.975602,2,2,1196.247,0,-1.919949,-0.5289893,0,
0.9337668,-1.313038,2,0,0.969954,-1.109197,2.635628,1414.892,0,-3.608351,1.939369,0,
0.8525692,-0.7037048,2,0,0.9510186,-0.5904537,5.680663,419.298,0,-0.5904537,3.6555,0,
0.5105729,2,1.878345,0,0.9747551,-1.919949,0.1320285,829.0099,0,-1.919949,0.6072575,0,
0.9750776,2,2,0,0.9674918,-3.496072,2.635628,265.0266,0,-3.496072,2,0,
0.9503444,-2.451403,5.378076,0,0.7551984,0.6564265,4.819143,3716.153,0,0.6564265,3.611722,0,
0.9752981,2.201803,0.6968555,0,0.2591954,-0.5904537,3.6555,7.845,0,0.4143722,3.6555,0,
0.9700275,-4.598368,2,0,0.9531325,-1.109197,4.547783,3545.239,0,-4.598368,2,0,
0.9758838,2,2.635628,0,0.9663354,1.362979,4.819143,1715.524,0,0.7173359,2.635628,0,
0.9732948,0.7744967,3.974644,0,0.8758323,-1.109197,4.547783,0,0,0.3162581,2.8239,0,
0.5304387,0.7744967,2,0,0.9641451,4.279251,2.635628,1199.818,0,4.279251,-0.4050303,0,
0.3505992,-1.313038,2,0,0.9770401,1.064767,2,285.6276,0,-1.313038,-1.337803,0,
0.9726139,-0.1290216,4.574434,0,0.6191616,2,2.635628,3244.773,0,-0.1290216,4.574434,0,
0.9750363,-1.919949,2.635628,0,0.9185388,3.390375,4.043722,3741.292,0,-1.919949,4.810638,0,
0.972575,-1.109197,2,0,0.9604167,2.218192,-0.01007271,7331.713,0,-1.239116,3.594741,0,
0.9309945,-0.7037048,2,0,0.9538932,-4.598368,2.635628,2141.775,0,-0.7037048,2,0,
0.9613899,-0.3818669,2,0,0.8731929,-1.919949,5.631198,1067.305,0,1.002946,2,0,
0.9389393,1.700268,5.11388,0,0.9675748,3.31036,5.11388,51.4482,0,3.31036,5.11388,0,
0.9228212,2.516615,0.6276426,0,0.9655529,-4.598368,2.635628,318.1932,0,-3.504742,2.635628,0,
0.9647985,-1.919949,5.631198,0,0.1054667,0.6564265,3.611722,65.772,0,-1.919949,2.564449,0,
0.9796963,-1.313038,2,0,0.4319943,2.201803,0.6968555,118.0952,0,-1.313038,3.726579,0,
0.8460304,-0.7037048,2,0,0.6695285,-3.496072,2.635628,5671.211,0,-4.436975,0.386457,0,
0.972608,-0.8282382,2,0,0.9724292,2.516615,2,681.3248,0,1.795674,2,0,
0.9724114,2,0.2932229,0,0.9749318,-1.364796,2,5854.555,0,2,2,0,
0.9655728,4.279251,-0.4050303,0,0.9746693,-1.919949,4.810638,719.5878,0,1.099934,6.309966,0,
0.8705088,-1.226101,0.6968555,0,0.9562669,-2.451403,5.378076,239.734,0,-3.5429,2.591928,0,
0.9773915,-1.109197,1.888565,0,0.9703029,0.2154632,1.378694,22.636,0,1.06748,1.378694,0,
0.8083764,2,2,0,0.2482106,-1.919949,0.1320285,2803.87,0,2,0.1320285,0,
0.981931,2.201803,0.6968555,0,0.9746408,4.704142,-0.01007271,9044.662,0,2.201803,-2.536581,0,
0.9723883,1.470246,-0.07305408,0,0.9760138,0.7173359,2.635628,344.487,0,0.7173359,0.7983766,0,
0.9720021,3.31036,5.11388,0,0.9543614,3.31036,5.11388,17.1522,0,3.487872,4.169244,0,
0.9707928,0.01417375,2,0,0.9538037,-3.496072,2.635628,2531.749,0,-1.809705,1.877314,0,
0.5135692,0.3162581,2.8239,0,0.5055439,0.6564265,4.819143,7103.699,0,0.6564265,4.819143,0,
0.9666543,-3.829669,2,0,0.08091706,2.516615,2,183.008,0,2.516615,2,0,
0.4003891,2,2.635628,0,0.955076,2,2.635628,23.0104,0,4.098617,2.635628,0,
0.4048367,-1.919949,-0.5289893,0,0.9559381,2.201803,0.6968555,743.7366,0,2.201803,0.641302,0,
0.9742434,-3.496072,2,0,0.635959,3.390375,4.043722,1425.127,0,-3.496072,4.043722,0,
0.971148,-0.7037048,2,0,0.9725683,-6.135583,2,5179.829,0,-6.135583,2,0,
0.8496239,4.780943,2,0,0.9678606,-1.239116,3.594741,2496.406,0,-1.239116,2.909832,0,
0.9604594,1.821854,5.317447,0,0.9703212,1.064767,2,244.0034,0,1.821854,5.317447,0,
0.1586772,0.7485851,-0.3638649,0,0.9700617,4.933165,2,527.1114,0,4.933165,-0.3638649,0,
0.9771881,-3.496072,6.624985,0,0.9774534,-1.919949,4.810638,631.5024,0,-3.496072,4.810638,0,
0.9781972,-1.93633,2.463977,0,0.971747,-3.496072,6.830719,4579.001,0,-1.93633,4.717925,0,
0.2029732,0.7173359,0.7983766,0,0.9544184,1.362979,4.819143,93.3534,0,0.7173359,0.0385474,0,
0.7824112,1.821854,5.317447,0,0.9734147,1.064767,2,166.21,0,4.001614,5.317447,0,
0.07402855,2.516615,0.6276426,0,0.3551209,0.6564265,3.611722,2877.378,0,2.516615,0.6276426,0,
0.9634002,-3.829669,2,0,0.942351,-1.239116,3.594741,269.2607,0,-1.132274,6.854413,0,
0.9459111,2,2,0,0.9406368,0.7744967,-0.2455854,10670.93,0,0.7744967,-1.901419,0,
0.9398816,-1.809705,1.877314,0,0.3867955,-1.919949,0.1320285,967.6866,0,-1.919949,1.877314,0,
0.5780835,-3.5429,2.591928,0,0.9431661,-0.7037048,2,1816.751,0,1.739389,2.591928,0,
0.967355,2,2,0,0.9779142,1.06748,1.378694,1033.832,0,2,2,0,
0.9618591,2.218192,2,0,0.9781017,2,2,667.843,0,2.218192,2.542344,0,
0.9704815,-0.7037048,1.23769,0,0.9621413,-3.608351,1.939369,2692.294,0,-3.608351,-0.1232127,0,
0.9720312,-0.1290216,4.574434,0,0.6138555,-1.919949,0.1320285,574.7632,0,-3.545141,3.584515,0,
0.9748478,2.32448,0.8282796,0,0.9647013,-1.919949,0.6137313,6971.999,0,2.32448,0.8282796,0,
0.9746439,2.201803,0.641302,0,0.9761682,-1.919949,1.878345,1682.175,0,-1.573729,1.878345,0,
0.9742777,4.001614,5.317447,0,0.9700651,-1.919949,1.012756,9009.971,0,5.180233,1.012756,0,
0.9748664,-3.496072,6.624985,0,0.9722646,0.6564265,4.819143,2479.503,0,3.23844,6.624985,0,
0.9698544,0.7744967,2,0,0.9667084,2.218192,2,526.7513,0,0.7744967,3.637825,0,
0.9773642,2,0.1320285,0,0.9728041,2.201803,-2.536581,12.702,0,2.201803,0.1320285,0,
0.9750473,2.516615,0.6276426,0,0.7007861,0.7173359,0.7983766,2569.367,0,0.7173359,0.7983766,0,
0.9753789,-0.7037048,2,0,0.9777486,0.7173359,2.635628,2630.124,0,0.7441671,2.635628,0,
0.9582205,-1.919949,0.6072575,0,0.9664443,-1.919949,5.631198,3155.09,0,-1.430981,5.631198,0,
0.9800547,1.795674,2,0,0.9695684,2.201803,0.1320285,412.1472,0,1.795674,2.56013,0,
0.9632413,-3.829669,2,0,0.9632071,2.201803,0.641302,496.2034,0,-3.829669,0.641302,0,
0.7390369,-1.919949,1.878345,0,0.9680509,-1.919949,0.6137313,1412.082,0,-1.919949,1.878345,0,
0.9663317,-1.919949,0.6072575,0,0.9315603,-1.919949,1.877314,1048.253,0,-1.919949,1.877314,0,
0.9797611,2,2.635628,0,0.9796392,2,4.187403,1.8354,0,2,3.148177,0,
0.9948468,2,2,0,0.2497725,2,2,0,0,2,4.249882,0,
0.9722706,-0.7037048,2,0,0.9778866,2,2,46.886,0,-1.082223,-0.1178064,0,
0.9750502,2,2.635628,0,0.5569175,2,3.148177,19.8172,0,5.04002,1.820599,0,
0.97986,2,2,0,0.9770508,2,2,84.22681,0,3.725946,2,0,
0.8134225,2,2,0,0.9807361,1.41522,1.046069,143.3292,0,4.923901,2,0,
0.9744182,2,2,0,0.9758403,2,4.249882,99.7326,0,2,2,0,
0.588282,1.41522,1.046069,0,0.2949079,4.933165,2,100.4296,0,1.41522,-0.3764405,0,
0.974439,2,3.148177,0,0.9760579,5.04002,1.820599,14.7674,0,2,3.148177,0,
0.1772498,2,2,0,0.9733887,2.201803,2,232.934,0,2.201803,2,0,
0.9714885,2,2,0,0.9775878,2,2,111.4204,0,2,0.8497605,0,
0.06047821,2,2,0,0.9782897,2.201803,2,63.97641,0,0.8670373,2.280232,0,
0.210701,1.41522,1.046069,0,0.9766609,4.933165,2,65.8416,0,1.41522,-1.48984,0,
0.6581602,2,2,0,0.9715511,-0.7037048,2,198.882,0,1.824471,2,0,
0.9574049,2,4.187403,0,0.979586,5.04002,1.820599,31.801,0,0.612563,4.187403,0,
0.9745912,1.824471,2,0,0.977496,4.013084,2,507.2496,0,4.013084,4.351903,0,
0.9791119,2,2,0,0.9561487,0.8670373,2.280232,1.3656,0,1.265942,2.280232,0,
0.9737864,2,4.187403,0,0.9540405,2,2,259.264,0,2,4.187403,0,
0.9620678,1.824471,2,0,0.9464878,-0.7037048,2,60.8124,0,-0.07490158,2,0,
0.3389313,0.612563,4.187403,0,0.9816813,2,2,55.98001,0,2,4.187403,0,
0.9762299,4.933165,2,0,0.9735519,1.41522,-1.48984,0.5319999,0,5.398552,2,0,
0.3196687,2,0.8497605,0,0.9729214,2,4.249882,77.68519,0,2.581522,0.8497605,0,
0.9712812,-0.7037048,2,0,0.9732156,2,3.148177,414.895,0,2,2.851871,0,
0.2233371,2,4.249882,0,0.970618,2.581522,0.8497605,10.2,0,2.581522,4.249882,0,
0.2694887,2,2,0,0.9751234,-1.109197,2,834.9335,0,-1.109197,2,0,
0.9683761,2,2,0,0.9534398,2.581522,4.249882,1.8822,0,2.581522,2,0,
0.9803151,5.398552,2,0,0.4022391,3.725946,2,825.4528,0,3.725946,2,0,
0.5504513,2,2,0,0.9683658,0.8670373,2.280232,391.2442,0,0.8670373,2,0,
0.8474013,4.013084,2,0,0.9732684,4.013084,4.351903,506.397,0,4.013084,2,0,
0.6897205,2,4.249882,0,0.9726867,2.581522,0.8497605,83.77599,0,2,1.599529,0,
0.9650247,2.201803,2,0,0.9739062,2.201803,2,729.9203,0,2.201803,2,0,
0.9727231,1.41522,1.046069,0,0.7879443,2.581522,4.249882,2.786,0,1.41522,4.249882,0,
0.7174519,2,2,0,0.9741838,-1.109197,2,28.684,0,2,2,0,
0.9686709,2,3.148177,0,0.9726757,2,4.187403,264.3072,0,-1.463751,4.187403,0,
0.2216086,2,2,0,0.8349221,-1.109197,2,36.535,0,-1.109197,2.006718,0,
0.9611326,1.41522,4.249882,0,0.9729581,2,2,281.597,0,1.41522,3.094127,0,
0.4742671,1.41522,1.046069,0,0.974256,2,0.8497605,458.8289,0,2,0.8497605,0,
0.9170842,2,2,0,0.9279612,1.265942,2.280232,928.977,0,1.265942,5.202339,0,
0.9725936,2,2,0,0.3822439,-1.109197,2,27.4822,0,-1.188936,1.515046,0,
0.5327879,2.201803,2,0,0.9786579,2,2,479.024,0,-0.4719787,2,0,
0.9690781,2,0.8497605,0,0.9787194,1.41522,1.046069,40.675,0,1.41522,1.046069,0,
0.9697672,2.201803,2,0,0.9729694,2.201803,2,404.5928,0,2.201803,1.168436,0,
0.9638247,4.013084,2,0,0.973889,2,4.187403,799.7486,0,4.7852,4.187403,0,
0.9808238,3.725946,2,0,0.9758915,1.41522,-1.48984,422.7678,0,1.41522,-2.612948,0,
0.6656576,2,4.249882,0,0.9735478,2.581522,0.8497605,672.105,0,3.41038,1.578437,0,
0.9528158,2,2,0,0.4176915,4.013084,2,325.0025,0,4.013084,2.108598,0,
0.9736511,2,2,0,0.9714115,4.013084,4.351903,462.314,0,2,2.086182,0,
0.9727192,2,2,0,0.9067663,-1.109197,2,1.7794,0,2,2,0,
0.897531,2,4.249882,0,0.974949,3.41038,1.578437,75.8778,0,3.241836,1.578437,0,
0.9751937,4.933165,2,0,0.9689733,0.8670373,2.280232,734.988,0,4.933165,4.90535,0,
0.9754096,1.41522,4.249882,0,0.974889,1.41522,3.094127,208.488,0,1.41522,3.094127,0,
0.9765403,2,2,0,0.9788789,1.41522,1.046069,161.092,0,3.230809,2,0,
0.9789366,5.398552,2,0,0.2884974,2,2,622.7292,0,2,-0.8832254,0,
0.06082749,2,4.249882,0,0.8709979,2.581522,0.8497605,40.66199,0,0.9852643,-1.94481,0,
0.9724458,1.265942,5.202339,0,0.3611581,2,4.187403,56.09139,0,2,5.202339,0,
0.2787736,3.41038,1.578437,0,0.9571451,0.8670373,2,226.338,0,3.41038,1.578437,0,
0.04945666,2,2,0,0.9731104,-1.109197,2,140.4942,0,-1.109197,2,0,
0.09206295,2,5.202339,0,0.9749162,2,2.086182,143.6864,0,2,2.086182,0,
0.974066,2,0.8497605,0,0.976833,1.41522,3.094127,170.8434,0,-0.9393201,3.978057,0,
0.978559,2,2,0,0.9745204,-0.4719787,2,388.6644,0,2,0.04583406,0,
0.9772203,2,0.8497605,0,0.5355937,1.41522,1.046069,1.9742,0,1.167255,1.046069,0,
0.9731999,3.230809,2,0,0.9617021,1.41522,1.046069,6.9664,0,3.230809,2,0,
0.973395,4.013084,4.351903,0,0.9716372,1.265942,2.280232,232.3558,0,1.265942,2.280232,0,
0.9766744,3.725946,2,0,0.9552109,2,4.187403,1059.867,0,2,-1.39761,0,
0.9760265,-1.109197,2,0,0.9331104,0.8670373,2.280232,405.1621,0,0.8670373,2,0,
0.9622399,1.265942,5.202339,0,0.9676026,2,4.187403,67.7076,0,4.181801,2.480373,0,
0.9755358,3.241836,1.578437,0,0.9711987,3.41038,1.578437,3.0138,0,3.41038,4.864636,0,
0.9726766,1.41522,3.094127,0,0.9735535,2,2.086182,435.6974,0,2,2.086182,0,
0.9713511,2,2,0,0.6007906,2,-0.8832254,197.9456,0,2,3.390944,0,
0.9637063,0.8670373,2.280232,0,0.9747857,0.8670373,2,206.5854,0,0.8670373,2,0,
0.9684722,2,2.086182,0,0.9779818,4.181801,2.480373,175.7448,0,2,2.086182,0,
0.1333375,2,2,0,0.9623765,2,3.148177,546.128,0,3.419308,3.148177,0,
0.9583548,2,2,0,0.9604034,2,2,617.2277,0,2,2,0,
0.8579573,-0.9393201,3.978057,0,0.8403852,2,2.086182,64.866,0,-0.9393201,3.978057,0,
0.9728691,1.167255,1.046069,0,0.963692,-1.188936,1.515046,988.8245,0,-1.790052,1.046069,0,
0.9558421,3.41038,1.578437,0,0.9768982,2,0.8497605,24.1494,0,-0.06733799,2.446168,0,
0.328063,0.9852643,-1.94481,0,0.970963,2,4.249882,420.3589,0,0.4248209,1.532166,0,
0.9711394,1.41522,1.046069,0,0.9721553,4.181801,2.480373,22.254,0,-0.793191,2.480373,0,
0.9750932,0.8670373,2,0,0.6281955,2,2,879.9432,0,0.8670373,-0.788146,0,
0.9715114,2,2,0,0.7111635,2,2,3.5322,0,2,2,0,
0.9699411,3.230809,2,0,0.9697675,1.41522,1.046069,2.3566,0,5.409968,2,0,
0.9701423,3.230809,2,0,0.01758659,-1.082223,-0.1178064,3421.433,0,1.085374,2,0,
0.9633411,2,2,0,0.9748906,1.265942,5.202339,387.7406,0,2,2,0,
0.9695715,0.612563,4.187403,0,0.9716501,1.265942,5.202339,2.403,0,0.612563,4.187403,0,
0.9692957,0.9852643,-1.94481,0,0.973778,0.4248209,1.532166,475.258,0,0.4248209,0.6682343,0,
0.884883,4.013084,2,0,0.3928511,3.725946,2,519.4041,0,4.013084,2,0,
0.9681942,1.41522,4.249882,0,0.8504845,-0.06733799,2.446168,63.102,0,1.41522,2.446168,0,
0.9704243,1.41522,1.046069,0,0.9704239,2,3.148177,1069.495,0,2,2.462325,0,
0.9711869,2,4.249882,0,0.9641528,2.581522,0.8497605,841.6169,0,-1.18762,-1.190819,0,
0.2553279,3.230809,2,0,0.9784748,1.41522,1.046069,310.4512,0,4.745508,2.055233,0,
0.9735683,4.933165,4.90535,0,0.9574511,1.41522,4.249882,14.8668,0,4.933165,4.90535,0,
0.9223806,-1.109197,2,0,0.04561037,1.265942,2.280232,3.765,0,-1.109197,0.248184,0,
0.8072397,2,2,0,0.9764016,2,2,495.1828,0,2,5.067523,0,
0.971763,0.4248209,0.6682343,0,0.9707022,2,2,427.6952,0,0.4248209,2,0,
0.9763538,1.167255,1.046069,0,0.6570216,-0.4719787,2,1758.571,0,-0.4719787,2.360889,0,
0.4052402,-1.109197,2,0,0.7779398,1.265942,2.280232,284.0934,0,-1.109197,2.280232,0,
0.9780299,2,3.390944,0,0.9749942,1.265942,2.280232,410.144,0,0.9488169,2.280232,0,
0.9645113,-1.109197,0.248184,0,0.632512,-1.109197,2,3510.351,0,-0.1824341,2,0,
0.01347423,2,0.8497605,0,0.4915755,-0.06733799,2.446168,704.031,0,2,-0.9843342,0,
0.9707083,2,2,0,0.9708236,2,2,412.5576,0,2,2,0,
0.9788724,-0.9393201,3.978057,0,0.965179,2.201803,1.168436,2590.535,0,2.201803,3.978057,0,
0.9724811,2,2,0,0.9665322,-1.109197,2,5.434,0,2,2,0,
0.2373136,4.745508,2.055233,0,0.9609197,1.41522,-0.3764405,3464.94,0,1.749378,2.055233,0,
0.7769288,2,5.067523,0,0.2640319,0.4248209,1.532166,175.591,0,-0.9043255,5.067523,0,
0.435183,-1.109197,2,0,0.974544,2,2,38.1556,0,-1.109197,3.440982,0,
0.2241592,4.013084,2,0,0.95997,2,4.187403,345.5232,0,4.013084,2,0,
0.9767721,4.013084,2,0,0.6557872,2,4.187403,2.789,0,0.7750072,2,0,
0.9692125,2.581522,4.249882,0,0.9277011,1.41522,3.094127,22.296,0,2.510091,3.440348,0,
0.9774556,5.409968,2,0,0.2590778,1.41522,1.046069,9.828,0,5.409968,1.046069,0,
0.9748117,4.181801,2.480373,0,0.9767174,-0.793191,2.480373,1214.492,0,-0.793191,2.480373,0,
0.6101176,4.013084,2,0,0.9590731,2,4.187403,83.7564,0,2,6.59869,0,
0.1564356,1.167255,1.046069,0,0.9775645,4.013084,2,747.3374,0,4.701982,1.046069,0,
0.97672,3.41038,4.864636,0,0.9758337,3.230809,2,1550.971,0,1.425057,4.864636,0,
0.6091701,2,2,0,0.9754629,2,2,1575.476,0,0.5796524,2,0,
0.9743156,2,2,0,0.9750525,2,2,5212.779,0,2,1.683184,0,
0.9639415,1.265942,5.202339,0,0.2584192,0.612563,4.187403,1718.996,0,1.265942,4.187403,0,
0.9641647,2,2,0,0.9568955,4.013084,2,308.2536,0,2.50012,5.36792,0,
0.9769239,-1.109197,2,0,0.9761056,-1.109197,2.280232,441.0468,0,-1.109197,2.280232,0,
0.9740287,4.013084,2,0,0.9747087,0.7750072,2,475.2101,0,0.7750072,2,0,
0.06329298,1.41522,1.046069,0,0.9756126,2,3.390944,1176.174,0,2,1.046069,0,
0.9723161,2,2,0,0.9777649,-1.109197,3.440982,560.1582,0,2,-0.3132048,0,
0.4545808,-1.109197,0.248184,0,0.9762802,2,2,869.2428,0,0.01260948,2.885034,0,
0.9725677,1.167255,1.046069,0,0.7608718,2,2,6.1252,0,2,2,0,
0.8552977,2,2,0,0.9155204,2,6.59869,16.9048,0,3.017572,2,0,
0.9725001,2,2,0,0.9685426,2,4.187403,536.7138,0,2,4.187403,0,
0.9127371,-0.9393201,3.978057,0,0.975754,0.4248209,0.6682343,1573.415,0,0.4248209,-0.4646683,0,
0.9730718,-1.109197,2.280232,0,0.9752601,2.50012,5.36792,382.9488,0,2.50012,5.36792,0,
0.95565,3.419308,3.148177,0,0.9268278,2,4.187403,195.725,0,3.419308,4.187403,0,
0.9047562,1.265942,4.187403,0,0.9695685,0.9488169,2.280232,332.6492,0,2.382451,-1.088632,0,
0.9791507,2,2,0,0.97574,2,4.187403,38.1336,0,2,4.187403,0,
0.4708745,1.167255,1.046069,0,0.9636039,2,2,700.4644,0,2,0.6962402,0,
0.03198689,2,2,0,0.971206,0.4248209,1.532166,1484.122,0,2,1.532166,0,
0.970543,1.41522,2.446168,0,0.1799297,-0.4719787,2.360889,25.7744,0,0.6175838,-0.6989231,0,
0.5868479,4.745508,2.055233,0,0.9717278,4.933165,4.90535,2314.415,0,4.933165,1.939122,0,
0.7213681,-1.109197,2,0,0.9690714,-1.109197,3.440982,779.2469,0,2.06074,2.27,0,
0.9545118,2.510091,3.440348,0,0.9488625,1.41522,3.094127,1027.371,0,0.3591359,3.094127,0,
0.9705677,2,2,0,0.9652524,2,2,572.5262,0,2,2,0,
0.964089,-0.793191,2.480373,0,0.9780636,-0.793191,2.480373,1449.27,0,-0.793191,2.480373,0,
0.9773746,-0.7037048,2,0,0.9552407,1.265942,5.202339,613.4772,0,1.265942,2.002562,0,
0.9766113,2,2,0,0.9687466,0.4248209,1.532166,42.67,0,0.2200946,1.532166,0,
0.7404109,0.3591359,3.094127,0,0.9721335,2.510091,3.440348,149.292,0,-2.498314,3.094127,0,
0.9752412,2,2,0,0.2008448,2,2,6.9236,0,3.514592,2,0,
0.9737744,2,4.187403,0,0.9454583,3.419308,4.187403,740.8027,0,3.419308,4.187403,0,
0.9732918,2,2,0,0.9771637,0.7750072,2,1904.466,0,2,2,0,
0.9650075,3.017572,2,0,0.9746254,2,0.6962402,752.457,0,2,0.6962402,0,
0.8995657,-0.4719787,2.360889,0,0.9727643,2,2,1929.034,0,2,4.912391,0,
0.9680731,-1.109197,2.280232,0,0.9538587,2.50012,5.36792,5.4648,0,-1.109197,5.007351,0,
0.4230978,-0.4719787,2.360889,0,0.9755777,1.265942,4.187403,255.9546,0,-0.4719787,4.187403,0,
0.9410383,2,4.187403,0,0.9632607,4.013084,2,1590.519,0,3.418913,4.187403,0,
0.9777805,2,0.6962402,0,0.9592106,-1.109197,5.007351,407.2894,0,-1.109197,5.049517,0,
0.9740663,5.409968,2,0,0.9715316,1.41522,1.046069,439.45,0,1.41522,1.046069,0,
0.9654188,1.265942,2.002562,0,0.4374524,1.265942,5.202339,5.7084,0,1.265942,-0.8105836,0,
0.9742361,-0.7037048,2,0,0.9791887,2,-1.39761,6492.249,0,-2.960079,-0.3997815,0,
0.9590642,0.3591359,3.094127,0,0.9692256,5.409968,1.046069,1593.666,0,5.409968,3.094127,0,
0.9656019,2,2,0,0.06650418,2,2,737.3066,0,2,4.608302,0,
0.9662476,5.409968,2,0,0.6062902,1.41522,3.094127,2017.025,0,1.41522,2,0,
0.9727448,-0.4719787,4.187403,0,0.96685,1.41522,2.446168,1308.046,0,-0.3920398,4.114495,0,
0.9631829,2,1.683184,0,0.9713994,-0.4719787,2.360889,509.7528,0,-0.4719787,1.683184,0,
0.9694589,2.06074,2.27,0,0.9556577,0.4248209,-0.4646683,635.035,0,2.06074,0.2826715,0,
0.9770794,1.265942,2.002562,0,0.9780324,-0.793191,2.480373,89.956,0,-0.793191,4.725729,0,
0.6728988,4.933165,1.939122,0,0.972438,2,4.608302,679.4406,0,2.273964,4.608302,0,
0.9715288,2,0.6962402,0,0.9738038,-0.793191,2.480373,38.529,0,1.446993,0.6962402,0,
0.575502,2,1.683184,0,0.9702542,3.41038,4.864636,878.8691,0,-0.9792538,1.683184,0,
0.9746014,2.06074,2.27,0,0.9696481,2,0.6962402,1295.14,0,-1.076385,5.434852,0,
0.975282,2.273964,4.608302,0,0.9664826,2,2,771.516,0,2,2,0,
0.5474507,-0.3920398,4.114495,0,0.9776658,-0.4719787,2.360889,593.8402,0,-0.4719787,2.360889,0,
0.9770016,3.419308,4.187403,0,0.9743635,1.265942,-0.8105836,0,0,3.419308,0.2576293,0,
0.9643669,0.7750072,2,0,0.9347478,3.418913,4.187403,2.203,0,0.7750072,4.187403,0,
0.948332,2,2.635628,0,0.5881726,2,4.187403,0.8959999,0,2,1.994671,0,
0.9784228,-0.7037048,2,0,0.8132841,-1.109197,2,21.864,0,-0.7037048,2,0,
0.9803091,2,2,0,0.9783536,4.013084,2,84.97459,0,2,2,0,
0.978681,-0.7037048,2,0,0.9787192,-1.109197,2,19.635,0,1.391202,3.71723,0,
0.3813894,-0.7037048,2,0,0.978958,-0.7037048,2,70.01461,0,-0.7037048,2,0,
0.9793354,2,2,0,0.9714701,2,2,0.5678,0,1.995372,2,0,
0.9737045,2,2,0,0.9735253,2,4.187403,0.2894,0,2,4.187403,0,
0.5602052,2,2,0,0.9753078,1.41522,1.046069,223.9828,0,2,-0.967576,0,
0.9785752,2,2,0,0.9770431,1.995372,2,0.6438,0,2,0.4927012,0,
0.607748,4.013084,2,0,0.9670777,2,4.187403,36.8316,0,2,2.845007,0,
0.9773403,2,2,0,0.980075,2,2,148.1312,0,2,3.488476,0,
0.9676411,-0.7037048,2,0,0.9698349,2,2,445.5346,0,-0.7037048,0.09107018,0,
0.9670408,-0.7037048,2,0,0.9710867,1.391202,3.71723,439.4909,0,3.559422,2,0,
0.9681646,-0.7037048,2,0,0.7217345,2,2.845007,332.39,0,-0.7037048,2.845007,0,
0.8554517,-0.7037048,2,0,0.6528959,-1.109197,2,4.626,0,-0.7037048,2,0,
0.9731439,2,4.187403,0,0.1011445,2,4.187403,367.2859,0,2,4.187403,0,
0.9733344,3.559422,2,0,0.9746718,2,2,173.128,0,3.559422,4.53669,0,
0.9706051,4.013084,2,0,0.9788809,1.41522,1.046069,594.332,0,4.013084,1.351588,0,
0.9794745,2,2,0,0.9817513,2,-0.967576,680.4005,0,2,-0.967576,0,
0.9736178,-0.7037048,2.845007,0,0.9750282,-0.7037048,2,238.127,0,-0.7037048,2.845007,0,
0.9743302,3.559422,2,0,0.9741985,3.559422,4.53669,181.7484,0,3.559422,7.850558,0,
0.9749072,-0.7037048,2,0,0.3991721,-0.7037048,2,59.40839,0,-0.7037048,4.720067,0,
0.9736044,-0.7037048,2.845007,0,0.9759496,-0.7037048,2,69.06898,0,-0.7037048,2.845007,0,
0.9801108,2,0.4927012,0,0.9750964,2,2,561.1201,0,2.59846,-0.8386588,0,
0.9781404,3.559422,7.850558,0,0.8667094,3.559422,4.53669,18.1194,0,3.559422,10.42414,0,
0.9745188,-0.7037048,2,0,0.03732097,-0.7037048,2,118.9638,0,-0.7037048,4.441992,0,
0.9778351,1.41522,1.046069,0,0.9754066,2,4.187403,564.2459,0,1.41522,1.046069,0,
0.9723247,3.559422,2,0,0.8259767,2,2,349.4421,0,2,2,0,
0.5674356,2,2.845007,0,0.9695672,-0.7037048,2.845007,45.8842,0,2,4.642509,0,
0.9651233,-0.7037048,2.845007,0,0.9727731,1.995372,2,140.7672,0,-0.7037048,4.709171,0,
0.9793274,2,4.187403,0,0.9764387,3.559422,7.850558,11.442,0,3.559422,4.187403,0,
0.3236552,4.013084,2,0,0.9694783,3.559422,4.53669,8.547,0,2.862527,-0.9814644,0,
0.7938099,-0.7037048,4.441992,0,0.3828064,-0.7037048,2,171.3824,0,1.623995,4.441992,0,
0.9782372,-0.7037048,0.09107018,0,0.9779031,-0.7037048,2,1309.924,0,-0.7037048,2.166773,0,
0.9742522,2,4.187403,0,0.9735533,3.559422,4.187403,7.4214,0,1.022087,6.138722,0,
0.9742413,-0.7037048,4.720067,0,0.9694035,-0.7037048,2.166773,81.63,0,-0.7037048,4.720067,0,
0.2930815,4.013084,1.351588,0,0.1649283,2,4.642509,219.504,0,4.013084,1.351588,0,
0.9740065,2,2,0,0.9732463,1.391202,3.71723,0.8446,0,1.391202,2,0,
0.5294381,-0.7037048,2.845007,0,0.9716359,2,2,1482.67,0,-0.7037048,2.845007,0,
0.9473401,-0.7037048,4.709171,0,0.96305,-0.7037048,2.845007,518.592,0,-0.7037048,-0.1513944,0,
0.9564796,-0.7037048,2,0,0.949429,2,2.845007,216.594,0,-0.7037048,-1.461125,0,
0.9742916,2,-0.967576,0,0.9776988,3.559422,2,354.7836,0,3.559422,-0.99787,0,
0.9691884,-0.7037048,2,0,0.9724398,1.623995,4.441992,437.956,0,1.623995,4.441992,0,
0.9697309,-1.109197,2,0,0.6738272,4.013084,2,3.6124,0,-1.109197,4.393294,0,
0.9682983,2,2,0,0.9767384,1.995372,2,298.2042,0,1.995372,2,0,
0.9775186,2.862527,-0.9814644,0,0.9684657,3.559422,10.42414,191.484,0,3.559422,10.42414,0,
0.6522216,2,4.187403,0,0.9746248,1.41522,1.046069,539.8118,0,1.41522,1.046069,0,
0.9630886,1.022087,6.138722,0,0.9773141,2,4.187403,363.7321,0,1.999963,6.138722,0,
0.966147,2,2,0,0.9714298,2,2,555.334,0,-1.257382,1.154173,0,
0.5283778,1.41522,1.046069,0,0.9778156,3.559422,7.850558,439.5078,0,3.559422,1.046069,0,
0.1727072,2.59846,-0.8386588,0,0.9754939,4.013084,1.351588,476.6276,0,2.59846,-0.8386588,0,
0.02273929,-0.7037048,4.720067,0,0.9714277,-0.7037048,2,483.379,0,-0.7037048,2,0,
0.6619555,-0.7037048,4.441992,0,0.9790571,1.41522,1.046069,132.2714,0,0.8961779,4.441992,0,
0.982362,2.862527,-0.9814644,0,0.3128963,1.623995,4.441992,219.0474,0,1.623995,1.937796,0,
0.9767358,2.59846,-0.8386588,0,0.973383,4.013084,1.351588,107.749,0,7.408181,1.351588,0,
0.8203169,-0.7037048,4.720067,0,0.9736832,2,2,619.7949,0,-0.7037048,4.720067,0,
0.9721744,2,2,0,0.1933174,2,2,1.026,0,2,2,0,
0.9762455,1.41522,1.046069,0,0.9676728,-0.7037048,2.166773,604.0944,0,1.41522,-1.063476,0,
0.9800346,-0.7037048,2,0,0.9080173,-0.7037048,4.720067,0,0,-0.7037048,6.105283,0,
0.9747013,1.391202,3.71723,0,0.9783867,2,-0.967576,1443.242,0,-0.9819956,-0.967576,0,
0.9737564,3.559422,-0.99787,0,0.9704103,-1.257382,1.154173,581.518,0,3.559422,-0.99787,0,
0.9606221,2,2,0,0.9774311,-0.7037048,4.720067,131.6722,0,2,2.452196,0,
0.8297588,-0.7037048,2,0,0.9564628,-0.7037048,2,1569.433,0,-0.7037048,2,0,
0.8693643,-0.7037048,2,0,0.06232196,1.41522,1.046069,13.2276,0,1.41522,3.438331,0,
0.9800258,4.013084,1.351588,0,0.1060104,2,4.642509,4.4668,0,1.420651,1.351588,0,
0.9794248,-0.7037048,4.720067,0,0.9762751,-0.7037048,2,684.5262,0,-0.7037048,-1.034424,0,
0.4358456,-0.7037048,4.441992,0,0.9673793,2,4.187403,32.298,0,-4.034456,4.441992,0,
0.5082018,1.41522,1.046069,0,0.9777687,0.8961779,4.441992,322.677,0,0.8961779,1.691363,0,
0.9661065,2,-0.967576,0,0.9602211,1.391202,3.71723,70.7112,0,2,-0.967576,0,
0.9774858,-0.7037048,2,0,0.4572455,1.41522,1.046069,8.204,0,-0.7037048,0.3250785,0,
0.971135,2.59846,-0.8386588,0,0.9730416,7.408181,1.351588,499.1801,0,7.408181,1.351588,0,
0.9764526,3.559422,-0.99787,0,0.7863965,-1.257382,1.154173,68.12099,0,-2.455802,1.154173,0,
0.5024205,-0.7037048,4.709171,0,0.9780055,1.995372,2,911.0065,0,1.995372,4.709171,0,
0.9639868,-0.7037048,2.845007,0,0.9660531,-0.7037048,2.845007,1702.965,0,-0.7037048,1.881756,0,
0.8416458,1.41522,1.046069,0,0.4205508,0.8961779,4.441992,44.363,0,0.8961779,1.046069,0,
0.9753745,2,2,0,0.9784892,2,2.452196,578.1105,0,-0.6021991,2,0,
0.9592402,1.995372,2,0,0.7132296,-0.7037048,2.845007,10.9512,0,-3.036268,2.845007,0,
0.9677551,-0.7037048,4.720067,0,0.5089311,-0.7037048,2,423.0348,0,0.8603604,-1.488214,0,
0.9708183,4.013084,1.351588,0,0.9725047,1.420651,1.351588,580.1624,0,4.013084,0.2941684,0,
0.9708921,2,2,0,0.7150156,2,-0.967576,444.7769,0,2,2,0,
0.9775443,2.59846,-0.8386588,0,0.9719889,4.013084,1.351588,567.5201,0,6.284078,-2.163368,0,
0.627228,-0.7037048,2,0,0.9685158,7.408181,1.351588,346.338,0,7.408181,4.085572,0,
0.9773791,1.623995,1.937796,0,0.976761,1.41522,3.438331,509.438,0,1.41522,2.481661,0,
0.698356,2,2,0,0.7074895,2,-0.967576,77.9702,0,1.454951,0.6609702,0,
0.7670578,3.559422,10.42414,0,0.9762263,3.559422,2,413.853,0,3.559422,2,0,
0.2979931,3.559422,-0.99787,0,0.9417387,-1.257382,1.154173,607.4838,0,-1.257382,4.649233,0,
0.9738367,0.8961779,1.691363,0,0.9409232,1.41522,1.046069,3.8886,0,1.41522,1.046069,0,
0.9764723,-0.7037048,0.3250785,0,0.9758362,0.8961779,4.441992,496.91,0,-0.7037048,0.3250785,0,
0.97512,1.41522,2.481661,0,0.9753138,1.41522,3.438331,154.98,0,1.41522,3.438331,0,
0.8197607,-0.7037048,4.709171,0,0.8797135,1.995372,2,101.2518,0,1.995372,4.709171,0,
0.96197,1.41522,1.046069,0,0.7409772,2,2,3755.091,0,1.41522,4.297385,0,
0.9663153,3.559422,-0.99787,0,0.8244141,-2.455802,1.154173,673.886,0,3.559422,-0.99787,0,
0.9690854,4.013084,2,0,0.6648027,2,-0.967576,2.6322,0,5.379725,-0.967576,0,
0.7421938,-0.7037048,-1.034424,0,0.974551,-0.7037048,4.720067,693.2678,0,-1.663052,-1.034424,0,
0.9650276,-0.7037048,2,0,0.08668149,-0.7037048,2,376.9138,0,-0.7037048,-0.5275469,0,
0.9519104,-0.7037048,4.709171,0,0.960349,1.995372,4.709171,37.4108,0,-3.881667,4.709171,0,
0.9683119,1.41522,-1.063476,0,0.9730415,-0.7037048,4.720067,1272.461,0,-0.7037048,-3.253379,0,
0.9626412,-0.7037048,4.441992,0,0.9742409,3.559422,1.046069,1514.908,0,-0.7037048,4.441992,0,
0.9517123,2,-0.967576,0,0.9745907,2,2,305.9826,0,0.9375095,2,0,
0.9817273,1.41522,2.481661,0,0.3563438,1.623995,1.937796,8.093399,0,3.557121,1.937796,0,
0.9751006,2,4.187403,0,0.9716661,-1.257382,4.649233,17.68,0,-1.257382,4.187403,0,
0.9677153,1.41522,1.046069,0,0.974519,1.41522,1.046069,320.4512,0,1.41522,-0.9246587,0,
0.9722261,2,2,0,0.9576898,-1.257382,1.154173,562.9061,0,4.864537,1.154173,0,
0.1412178,-0.7037048,4.709171,0,0.7427444,1.995372,4.709171,19.5818,0,1.995372,4.709171,0,
0.7260067,6.284078,-2.163368,0,0.9743579,4.013084,1.351588,990.8513,0,9.225206,-2.163368,0,
0.9578142,-3.036268,2.845007,0,0.6633927,1.995372,2,655.6842,0,-3.036268,2,0,
0.8747183,-0.7037048,2,0,0.9573735,7.408181,1.351588,1143.591,0,7.408181,1.351588,0,
0.9768507,2,2.452196,0,0.9714337,-0.7037048,6.105283,2483.481,0,2,8.126602,0,
0.6967253,3.557121,1.937796,0,0.971803,-0.7037048,2,105.339,0,1.801403,2,0,
0.7504832,1.420651,1.351588,0,0.9688578,4.013084,0.2941684,1116.224,0,4.013084,2.285962,0,
0.9392626,0.8961779,1.691363,0,0.9637258,1.41522,1.046069,30.5046,0,1.976277,-0.8121009,0,
0.9784963,6.284078,-2.163368,0,0.6532109,1.995372,4.709171,271.2622,0,6.284078,7.422279,0,
0.9234035,-3.036268,2,0,0.9660525,-0.7037048,2,1167.724,0,-3.036268,2,0,
0.7018783,9.225206,-2.163368,0,0.9710101,4.013084,1.351588,335.412,0,9.225206,1.351588,0,
0.9756641,-3.881667,4.709171,0,0.9718973,4.013084,1.351588,1558.947,0,4.013084,6.762142,0,
0.9691138,7.408181,1.351588,0,0.9754934,-0.7037048,2,303.1949,0,-4.052423,1.351588,0,
0.4834688,2.59846,-0.8386588,0,0.9753723,2.59846,-0.8386588,705.915,0,1.463272,-0.8386588,0,
0.9777066,3.557121,1.937796,0,0.8285261,2,2,4974.966,0,5.165154,1.937796,0,
0.972717,1.454951,0.6609702,0,0.9757465,-1.257382,4.649233,1093.108,0,-1.257382,2.175201,0,
0.9668292,-0.7037048,2,0,0.9742568,-2.455802,1.154173,62.3774,0,-2.798233,2,0,
0.9778025,3.557121,1.937796,0,0.9539027,1.420651,1.351588,4.6392,0,5.460913,1.937796,0,
0.9604291,-0.7037048,2,0,0.9650512,-4.052423,1.351588,184.308,0,-3.876531,1.351588,0,
0.3459032,-0.7037048,4.720067,0,0.9714304,0.8961779,1.046069,1872.338,0,0.8961779,0.8078716,0,
0.9759232,2.862527,-0.9814644,0,0.9744158,3.559422,-0.99787,372.9946,0,2.862527,-0.99787,0,
0.6806453,1.41522,1.046069,0,0.9588892,3.559422,-0.99787,4.704,0,1.41522,-2.643954,0,
0.2321103,-0.7037048,2,0,0.9590987,-4.034456,4.441992,1156.531,0,-4.034456,4.441992,0,
0.9710419,5.460913,1.937796,0,0.9718641,4.013084,0.2941684,967.276,0,4.029171,1.937796,0,
0.0299409,-3.036268,2,0,0.6105956,3.559422,2,306.7333,0,3.559422,2,0,
0.9572196,7.408181,1.351588,0,0.1231282,1.801403,2,1084.114,0,4.519749,1.351588,0,
0.9616865,-0.7037048,4.709171,0,0.9736754,2.201803,2,1615.925,0,5.064612,3.062769,0,
0.5231256,5.165154,1.937796,0,0.9761391,2,2,868.8168,0,5.086226,1.944889,0,
0.9777699,1.41522,-0.9246587,0,0.7161087,-1.663052,-1.034424,1822.201,0,-4.224211,-1.034424,0,
0.9595134,2,2,0,0.9641744,4.013084,0.2941684,52.3872,0,2,0.2941684,0,
0.9758167,-1.257382,4.187403,0,0.9742127,-1.257382,1.154173,948.8717,0,-1.257382,4.187403,0,
0.2671055,0.8961779,0.8078716,0,0.9754242,1.41522,3.438331,2436.85,0,-1.616742,-1.481295,0,
0.7439871,3.559422,2,0,0.5704738,-3.036268,2.845007,1021.889,0,-3.036268,2,0,
0.974354,9.225206,1.351588,0,0.9692037,1.995372,4.709171,473.7888,0,2.548073,1.351588,0,
0.9765797,5.165154,1.937796,0,0.9630972,7.408181,1.351588,388.6974,0,4.681056,1.873214,0,
0.9794379,-4.034456,4.441992,0,0.9590483,-2.455802,1.154173,986.0107,0,-4.034456,1.154173,0,
0.9757628,-0.7037048,4.720067,0,0.4096324,2.59846,-0.8386588,94.85839,0,2.59846,4.720067,0,
0.6938803,-2.455802,1.154173,0,0.9344351,-1.257382,2.175201,1414.279,0,0.9465821,3.957511,0,
0.9586716,1.41522,-0.9246587,0,0.9758724,1.41522,2.481661,1790.331,0,1.41522,2.481661,0,
0.9734724,2.862527,-0.99787,0,0.6511356,-1.257382,4.649233,237.3662,0,-1.553619,2.169265,0,
0.9653195,2.862527,-0.9814644,0,0.9611791,1.623995,4.441992,2062.998,0,1.623995,-0.9814644,0,
0.9714061,-3.881667,4.709171,0,0.9708935,2.59846,4.720067,569.6198,0,-3.881667,4.720067,0,
0.9701294,5.064612,3.062769,0,0.9724331,2,0.2941684,23.4494,0,2,0.2941684,0,
0.9608716,-3.036268,2,0,0.4544454,-3.036268,2,889.9023,0,-4.278511,2,0,
0.9437764,-0.7037048,0.3250785,0,0.9772031,-4.034456,1.154173,551.196,0,-4.034456,0.3250785,0,
0.9748344,-4.052423,1.351588,0,0.9612247,2,0.2941684,330.0353,0,-4.052423,0.2941684,0,
0.9717848,2.59846,-0.8386588,0,0.9397099,3.559422,2,1924.108,0,4.227334,2,0,
0.3758669,-4.034456,4.441992,0,0.95141,-4.034456,1.154173,143.9958,0,-5.535391,1.154173,0,
0.9647286,0.8961779,1.046069,0,0.4113363,-0.7037048,-3.253379,4149.442,0,-3.111645,-3.253379,0,
0.9736397,3.559422,10.42414,0,0.9132138,3.559422,2,70.88139,0,3.559422,2,0,
0.9759361,1.41522,3.438331,0,0.974177,2,0.2941684,390.6032,0,1.782264,0.2941684,0,
0.3608314,1.623995,-0.9814644,0,0.6577805,2.862527,-0.9814644,123.4266,0,2.08178,-2.217988,0,
0.9785353,-2.798233,2,0,0.9717548,-1.257382,2.175201,157.9452,0,-2.798233,1.67714,0,
0.5099323,1.41522,-1.063476,0,0.9703348,3.559422,-0.99787,3256.339,0,1.41522,-0.99787,0,
0.9733139,3.559422,2,0,0.9750087,3.559422,2,197.1008,0,3.485613,2,0,
0.9704348,1.623995,-0.9814644,0,0.1240048,1.41522,3.438331,138.0744,0,1.41522,3.438331,0,
0.5232453,-0.7037048,-1.034424,0,0.293262,1.41522,2.481661,587.5945,0,-0.7037048,-1.034424,0,
0.9775097,0.8961779,4.441992,0,0.9732705,1.41522,2.481661,967.9134,0,1.41522,2.481661,0,
0.9752703,-3.881667,4.709171,0,0.9737365,-0.7037048,4.720067,1199.134,0,-0.7037048,4.720067,0,
0.9776344,5.460913,1.937796,0,0.9738771,4.227334,2,935.4532,0,2.570663,1.937796,0,
0.5307977,7.408181,1.351588,0,0.9718419,2.548073,1.351588,2033.085,0,2.548073,-1.335788,0,
0.9552621,5.064612,3.062769,0,0.2649757,0.8961779,1.046069,1221.605,0,0.8961779,1.046069,0,
0.9343508,-0.7037048,4.441992,0,0.9610521,-2.798233,2,510.9504,0,-2.798233,2,0,
0.1796528,-3.036268,2,0,0.9765731,3.559422,2,1844.202,0,3.559422,2,0,
0.6378973,2,2,0,0.9368299,-4.052423,0.2941684,663.5079,0,2,1.13866,0,
0.9697653,-2.798233,1.67714,0,0.9747405,1.41522,3.438331,636.482,0,1.41522,1.67714,0,
0.974668,-4.034456,0.3250785,0,0.9732711,-4.034456,1.154173,1724.233,0,-1.55838,1.154173,0,
0.5279989,-2.798233,2,0,0.9574621,-1.257382,2.175201,1826.442,0,-0.9493904,2.175201,0,
0.970714,2.08178,-2.217988,0,0.9723664,2.862527,-0.9814644,545.0078,0,2.862527,-1.449521,0,
0.518024,4.227334,2,0,0.9655807,1.41522,3.438331,2446.788,0,0.2965206,1.249547,0,
0.9621702,-0.7037048,4.720067,0,0.9719105,4.029171,1.937796,2816.563,0,4.029171,7.503415,0,
0.9666874,-0.7037048,4.441992,0,0.9752553,-1.257382,4.187403,1444.77,0,-1.257382,5.439213,0,
0.9687044,1.41522,1.67714,0,0.9696364,-5.535391,1.154173,1343.579,0,0.5930794,1.154173,0,
0.979481,2.548073,1.351588,0,0.8948953,2,0.2941684,9.0828,0,5.872586,2.600514,0,
0.9718197,4.227334,2,0,0.9738461,0.2965206,1.249547,466.8678,0,4.227334,2,0,
0.9773123,-2.798233,1.67714,0,0.9792341,2.862527,-1.449521,792.9504,0,-2.798233,-1.449521,0,
0.9694782,0.8961779,1.046069,0,0.02817065,2.548073,1.351588,11.541,0,1.649232,-2.350339,0,
0.9733638,0.5930794,1.154173,0,0.9663813,0.8603604,-1.488214,9687.374,0,0.8603604,1.154173,0,
0.9775137,1.623995,-0.9814644,0,0.9760015,-0.9493904,2.175201,1721.108,0,-0.07066095,2.175201,0,
0.9727187,-2.798233,1.67714,0,0.9766296,1.41522,3.438331,1583.083,0,1.41522,1.67714,0,
0.9746201,0.8603604,1.154173,0,0.751375,-1.616742,-1.481295,1758.716,0,-2.219765,1.154173,0,
0.9682385,-2.798233,1.67714,0,0.9766458,4.227334,2,636.5815,0,-5.455276,4.877058,0,
0.980608,3.559422,2,0,0.9098196,2,0.2941684,1652.52,0,2.661489,-1.252661,0,
0.9774229,1.623995,-0.9814644,0,0.9722813,-0.7037048,4.441992,128.9702,0,2.76864,1.554255,0,
0.9712257,0.5930794,1.154173,0,0.9548083,-1.55838,1.154173,2406.077,0,0.5930794,1.154173,0,
0.9643958,1.41522,2.481661,0,0.9792917,5.379725,-0.967576,7194.026,0,5.379725,2.481661,0,
0.9686862,-2.798233,2,0,0.8747874,-1.257382,4.187403,7.4856,0,-2.798233,2,0,
0.3880517,-1.257382,5.439213,0,0.9751643,0.2965206,1.249547,2274.761,0,0.2965206,4.20768,0,
0.2420939,-0.07066095,2.175201,0,0.9140655,2.862527,-1.449521,1641.224,0,-0.07066095,-1.449521,0,
0.9717051,4.029171,7.503415,0,0.9763375,2.570663,1.937796,5273.93,0,1.340084,7.503415,0,
0.5553992,-0.7037048,4.720067,0,0.9435165,0.8961779,1.046069,81.4176,0,-0.7037048,1.046069,0,
0.9737435,-1.55838,1.154173,0,0.9760845,0.5930794,1.154173,731.061,0,0.5930794,1.154173,0,
0.519175,1.649232,-2.350339,0,0.9712377,2,0.2941684,635.275,0,2.665731,0.2941684,0,
0.9708185,1.41522,-0.9246587,0,0.9802623,-2.798233,1.67714,1864.836,0,1.41522,2.810175,0,
0.4980032,0.5930794,1.154173,0,0.9784961,0.5930794,1.154173,129.265,0,0.5930794,0.8583794,0,
0.9744047,0.8603604,1.154173,0,0.9724603,-1.616742,-1.481295,10.3964,0,0.8603604,-1.230107,0,
0.9761612,1.41522,3.438331,0,0.9762065,-5.455276,4.877058,1207.99,0,1.41522,3.438331,0,
0.964837,2.665731,0.2941684,0,0.4741233,1.649232,-2.350339,574.3348,0,3.615983,0.2941684,0,
0.767436,-1.257382,5.439213,0,0.9777575,0.2965206,4.20768,390.0224,0,-1.730911,5.439213,0,
0.9729512,1.41522,2.481661,0,0.9646789,4.227334,2,23.7978,0,4.227334,2,0,
0.9717849,0.5930794,0.8583794,0,0.9783697,0.5930794,1.154173,538.4529,0,0.5930794,1.328911,0,
0.9749281,1.41522,1.67714,0,0.5846382,-2.798233,-1.449521,4464.613,0,1.41522,3.965831,0,
0.9781684,1.41522,1.67714,0,0.9758674,2.76864,1.554255,1157.978,0,4.675247,1.554255,0,
0.9731092,4.227334,2,0,0.5068572,5.379725,2.481661,926.345,0,4.227334,2.481661,0,
0.1726665,-3.111645,-3.253379,0,0.9677125,2,0.2941684,589.2302,0,-3.111645,1.74215,0,
0.5229268,1.41522,3.965831,0,0.1848823,-2.798233,-1.449521,209.9058,0,1.392126,-4.243756,0,
0.9773984,1.41522,2.810175,0,0.6045794,1.41522,1.67714,5.4094,0,1.184326,2.810175,0,
0.9764039,1.41522,3.438331,0,0.9659543,2.570663,1.937796,1386.173,0,2.570663,0.5767202,0,
0.972056,1.41522,2.481661,0,0.9693642,0.5930794,1.154173,128.028,0,1.41522,1.154173,0,
0.3337394,-1.616742,-1.481295,0,0.9802703,2.862527,-1.449521,1755.576,0,2.862527,-1.481295,0,
0.9350343,4.227334,2,0,0.9801769,4.227334,2.481661,324.3701,0,4.227334,2.481661,0,
0.9692172,3.615983,0.2941684,0,0.2645146,-3.111645,-3.253379,729.7908,0,3.615983,-3.988411,0,
0.9617608,-2.219765,1.154173,0,0.9645597,0.5930794,1.328911,432.209,0,-2.219765,-1.232503,0,
0.6378107,-4.034456,0.3250785,0,0.6219841,0.5930794,1.154173,362.67,0,-3.14594,0.3250785,0,
0.9824395,1.41522,3.438331,0,0.9563878,2.570663,1.937796,13.825,0,2.570663,1.937796,0,
0.9728679,-0.07066095,2.175201,0,0.9730424,0.8603604,1.154173,1451.572,0,-0.07066095,2.175201,0,
0.9742867,1.41522,3.965831,0,0.974016,1.41522,3.438331,2063.873,0,1.41522,3.965831,0,
0.4603245,-0.7037048,4.720067,0,0.9748843,1.623995,-0.9814644,3721.9,0,1.623995,2.561388,0,
0.9700263,1.41522,3.438331,0,0.9568645,0.5930794,0.8583794,14.006,0,0.5930794,1.010352,0,
0.9572295,3.615983,-3.988411,0,0.9647021,2,0.2941684,1330.665,0,3.615983,-3.988411,0,
0.9444453,4.227334,2,0,0.9610524,4.227334,2.481661,993.5574,0,4.227334,2.724278,0,
0.9771399,1.41522,2.810175,0,0.9843744,-2.798233,-1.449521,36.634,0,1.41522,-1.449521,0,
0.9621521,3.615983,0.2941684,0,0.8984883,3.615983,-3.988411,2.8218,0,3.615983,0.2941684,0,
0.5464755,1.41522,3.965831,0,0.9689278,2.570663,0.5767202,713.1329,0,1.41522,0.5767202,0,
0.973857,2.665731,0.2941684,0,0.9699839,-3.111645,1.74215,1663.386,0,-3.111645,4.06622,0,
0.9596347,0.2965206,4.20768,0,0.2171943,1.184326,2.810175,175.491,0,0.2965206,6.942667,0,
0.9722878,1.41522,1.154173,0,0.963612,0.5930794,1.328911,5.679,0,1.41522,0.5372413,0,
0.9754759,2.862527,-1.481295,0,0.9796447,2.862527,-1.449521,832.1448,0,2.862527,-1.449521,0,
0.9652272,-1.257382,5.439213,0,0.9766992,1.41522,0.5767202,696.1563,0,0.5564656,0.5767202,0,
0.9747148,4.227334,2.724278,0,0.9798214,4.227334,2.481661,1117.945,0,4.227334,2.724278,0,
0.9715183,4.675247,1.554255,0,0.9753878,4.227334,2.481661,1504.723,0,4.227334,2.481661,0,
0.779012,1.41522,-0.9246587,0,0.9733848,2.76864,1.554255,3082.475,0,4.228038,-2.480784,0,
0.9763442,0.5564656,0.5767202,0,0.9753771,1.649232,-2.350339,2829.774,0,1.649232,-2.350339,0,
0.9726792,1.41522,3.438331,0,0.3833448,1.41522,3.965831,20.4442,0,-0.05212224,1.558975,0,
0.6598672,1.41522,0.5372413,0,0.9755045,1.41522,1.67714,2446.442,0,1.41522,3.211205,0,
0.7224138,-0.7037048,1.046069,0,0.967196,-3.111645,-3.253379,1906.145,0,-0.7037048,-3.253379,0,
0.9794683,-1.616742,-1.481295,0,0.9746458,1.623995,2.561388,261.0548,0,-1.616742,-1.481295,0,
0.5546551,0.8603604,-1.230107,0,0.973193,0.5930794,1.154173,484.209,0,0.5930794,-1.230107,0,
0.9787899,1.41522,2.810175,0,0.3330269,1.41522,1.154173,142.1424,0,-0.6781116,2.810175,0,
0.9426901,-2.798233,2,0,0.9777564,5.379725,2.481661,808.163,0,-5.624784,2.481661,0,
0.9765477,1.41522,2.481661,0,0.9759945,4.227334,2.481661,1220.93,0,4.227334,2.73944,0,
0.7235855,2.665731,0.2941684,0,0.6743485,-0.7037048,-3.253379,561.4433,0,2.665731,0.2941684,0,
0.9695917,1.41522,2.481661,0,0.6110187,4.228038,-2.480784,500.0856,0,1.41522,2.481661,0,
0.9729763,1.623995,-0.9814644,0,0.6415691,1.41522,2.810175,191.1872,0,-0.07286215,2.810175,0,
0.9124285,0.5930794,1.154173,0,0.6781859,0.5930794,1.328911,417.2979,0,-1.315394,1.154173,0,
0.97545,3.615983,0.2941684,0,0.1983096,-3.111645,1.74215,2303.864,0,-3.111645,2.475244,0,
0.9701864,0.5564656,0.5767202,0,0.6173531,1.649232,-2.350339,1113.825,0,1.649232,-2.592836,0,
0.959107,1.184326,2.810175,0,0.973134,4.227334,2.724278,452.2752,0,4.181864,2.724278,0,
0.8311971,-0.07066095,2.175201,0,0.9671373,1.41522,3.211205,274.4014,0,1.41522,3.211205,0,
0.8210914,1.623995,-0.9814644,0,0.965378,1.41522,1.154173,404.1038,0,1.623995,1.154173,0,
0.943745,1.41522,0.5372413,0,0.3803031,0.2965206,6.942667,1100.56,0,1.41522,6.218544,0,
0.977897,0.5564656,0.5767202,0,0.6689322,1.649232,-2.350339,1747.969,0,1.649232,1.001319,0,
0.9395182,1.41522,3.965831,0,0.9645158,-5.455276,4.877058,994.2008,0,4.594931,3.965831,0,
0.8665056,1.41522,3.965831,0,0.9452256,-3.111645,1.74215,931.9579,0,4.434732,-0.46339,0,
0.0733313,1.41522,2.810175,0,0.9791558,1.41522,2.481661,527.9885,0,1.127036,2.481661,0,
0.9679222,4.675247,1.554255,0,0.3925954,5.379725,2.481661,24.8344,0,4.675247,0.02774,0,
0.9780744,4.675247,0.02774,0,0.970937,-2.798233,2,2110.453,0,-2.798233,2,0,
0.9652677,-1.616742,-1.481295,0,0.9701297,1.649232,1.001319,71.8474,0,-2.126506,-1.481295,0,
0.002261639,-1.315394,1.154173,0,0.5739461,4.227334,2.724278,172.007,0,1.279011,1.154173,0,
0.9745063,4.228038,-2.480784,0,0.7902493,2.570663,0.5767202,1922.107,0,4.228038,0.5767202,0,
0.98184,4.594931,3.965831,0,0.9655671,1.41522,3.965831,674.4549,0,1.41522,6.529419,0,
0.9763854,1.41522,2.481661,0,0.9673485,4.227334,2.73944,434.1894,0,2.481166,2.481661,0,
0.9789852,1.41522,1.154173,0,0.844968,-2.798233,2,544.6387,0,-2.798233,2,0,
0.4674445,-0.07066095,2.175201,0,0.9350818,1.184326,2.810175,159.135,0,-0.07066095,2.175201,0,
